Nanometers	Counts
294.1	5.6
294.7	6.3
295.2	6.1
295.8	7.0
296.3	6.5
296.9	7.1
297.4	6.7
297.9	7.3
298.5	7.4
299.0	8.2
299.6	7.9
300.1	8.6
300.7	7.8
301.2	8.7
301.7	8.4
302.3	8.9
302.8	8.3
303.4	9.5
303.9	9.0
304.5	10.2
305.0	9.8
305.6	10.8
306.1	11.1
306.6	11.8
307.2	11.6
307.7	12.8
308.3	12.4
308.8	13.8
309.4	13.4
309.9	14.9
310.5	14.9
311.0	16.0
311.5	16.1
312.1	17.3
312.6	17.5
313.2	18.9
313.7	18.8
314.3	20.7
314.8	22.0
315.3	23.9
315.9	25.3
316.4	28.2
317.0	30.6
317.5	36.4
318.1	42.3
318.6	51.4
319.2	61.9
319.7	75.2
320.2	91.3
320.8	107.7
321.3	123.4
321.9	140.7
322.4	155.7
323.0	173.4
323.5	190.2
324.0	202.8
324.6	211.9
325.1	221.1
325.7	228.4
326.2	236.4
326.8	242.5
327.3	250.8
327.9	257.1
328.4	264.1
328.9	270.8
329.5	278.7
330.0	285.6
330.6	294.1
331.1	300.9
331.7	309.9
332.2	318.0
332.8	327.8
333.3	337.8
333.8	348.7
334.4	359.2
334.9	371.1
335.5	380.8
336.0	394.2
336.6	403.7
337.1	415.0
337.6	423.1
338.2	430.3
338.7	435.1
339.3	440.2
339.8	441.3
340.4	442.2
340.9	440.2
341.5	437.3
342.0	432.3
342.5	427.1
343.1	419.1
343.6	411.6
344.2	402.0
344.7	394.0
345.3	384.7
345.8	376.3
346.4	367.2
346.9	359.1
347.4	350.6
348.0	343.1
348.5	334.0
349.1	327.1
349.6	318.8
350.2	311.8
350.7	304.9
351.2	299.9
351.8	293.7
352.3	289.8
352.9	284.1
353.4	280.5
354.0	275.8
354.5	272.5
355.1	268.8
355.6	266.3
356.1	262.6
356.7	260.5
357.2	256.7
357.8	254.7
358.3	251.4
358.9	249.0
359.4	245.5
359.9	243.0
360.5	239.2
361.0	237.2
361.6	232.9
362.1	230.7
362.7	225.9
363.2	223.0
363.8	218.6
364.3	215.0
364.8	209.6
365.4	205.6
365.9	198.6
366.5	193.7
367.0	187.9
367.6	182.6
368.1	176.7
368.7	171.6
369.2	164.9
369.7	160.2
370.3	153.4
370.8	148.3
371.4	141.8
371.9	136.7
372.5	131.0
373.0	126.8
373.5	120.8
374.1	117.6
374.6	112.6
375.2	109.6
375.7	105.8
376.3	103.9
376.8	100.7
377.4	98.6
377.9	95.3
378.4	93.9
379.0	91.2
379.5	90.2
380.1	88.0
380.6	87.2
381.2	85.4
381.7	85.0
382.3	82.8
382.8	83.0
383.3	80.7
383.9	80.3
384.4	78.9
385.0	78.6
385.5	77.1
386.1	76.7
386.6	74.9
387.1	74.9
387.7	72.7
388.2	72.2
388.8	70.4
389.3	70.1
389.9	68.4
390.4	67.4
391.0	65.8
391.5	65.4
392.0	63.3
392.6	63.1
393.1	61.8
393.7	61.0
394.2	59.5
394.8	58.9
395.3	57.4
395.8	56.8
396.4	54.8
396.9	54.7
397.5	52.9
398.0	52.0
398.6	50.2
399.1	49.5
399.7	47.8
400.2	47.2
400.7	45.0
401.3	44.6
401.8	42.8
402.4	42.0
402.9	40.4
403.5	39.5
404.0	37.6
404.6	36.9
405.1	34.7
405.6	34.1
406.2	32.0
406.7	31.3
407.3	29.9
407.8	29.2
408.4	27.9
408.9	27.6
409.4	25.5
410.0	25.0
410.5	23.6
411.1	23.2
411.6	22.1
412.2	21.4
412.7	20.2
413.3	20.4
413.8	19.0
414.3	19.1
414.9	17.7
415.4	17.4
416.0	16.3
416.5	16.4
417.1	15.2
417.6	15.4
418.1	14.4
418.7	14.8
419.2	14.0
419.8	14.2
420.3	13.7
420.9	13.7
421.4	13.0
422.0	13.4
422.5	12.2
423.0	12.5
423.6	11.8
424.1	11.9
424.7	11.3
425.2	11.7
425.8	10.9
426.3	11.3
426.9	10.1
427.4	10.5
427.9	9.7
428.5	9.9
429.0	9.3
429.6	9.7
430.1	8.4
430.7	8.8
431.2	8.0
431.7	8.2
432.3	7.7
432.8	7.8
433.4	7.0
433.9	7.1
434.5	6.4
435.0	6.8
435.6	5.6
436.1	6.0
436.6	5.5
437.2	5.5
437.7	4.9
438.3	5.2
438.8	4.6
439.4	4.9
439.9	4.1
440.5	4.5
441.0	4.0
441.5	4.1
442.1	3.6
442.6	3.9
443.2	3.5
443.7	3.7
444.3	3.1
444.8	3.5
445.3	3.2
445.9	3.4
446.4	3.2
447.0	3.4
447.5	3.0
448.1	3.4
448.6	2.6
449.2	3.2
449.7	2.8
450.2	2.9
450.8	2.7
451.3	2.8
451.9	2.4
452.4	2.7
453.0	2.0
453.5	2.6
454.0	2.2
454.6	2.4
455.1	2.2
455.7	2.6
456.2	2.1
456.8	2.4
457.3	1.8
457.9	2.4
458.4	2.1
458.9	2.1
459.5	1.8
460.0	2.1
460.6	1.6
461.1	2.1
461.7	1.6
462.2	1.9
462.8	1.5
463.3	1.8
463.8	1.5
464.4	1.8
464.9	1.3
465.5	1.7
466.0	1.2
