Nanometers	Counts
294.1	4.2
294.7	4.9
295.2	4.5
295.8	5.3
296.3	4.8
296.9	5.3
297.4	5.0
297.9	5.8
298.5	5.7
299.0	6.5
299.6	6.0
300.1	6.5
300.7	6.0
301.2	6.7
301.7	6.3
302.3	6.5
302.8	6.1
303.4	7.2
303.9	6.9
304.5	8.0
305.0	7.7
305.6	8.7
306.1	8.7
306.6	9.5
307.2	9.4
307.7	10.6
308.3	10.6
308.8	11.8
309.4	11.3
309.9	12.6
310.5	12.6
311.0	13.5
311.5	13.6
312.1	14.9
312.6	15.0
313.2	16.6
313.7	16.5
314.3	18.4
314.8	19.5
315.3	21.7
315.9	22.8
316.4	25.7
317.0	28.6
317.5	33.9
318.1	39.8
318.6	48.9
319.2	59.0
319.7	72.2
320.2	87.7
320.8	103.5
321.3	119.0
321.9	135.9
322.4	151.3
323.0	169.7
323.5	186.7
324.0	199.5
324.6	209.8
325.1	221.3
325.7	229.8
326.2	239.5
326.8	247.1
327.3	256.8
327.9	264.8
328.4	273.2
328.9	280.0
329.5	288.5
330.0	295.7
330.6	305.3
331.1	312.2
331.7	321.6
332.2	330.9
332.8	340.9
333.3	351.0
333.8	362.1
334.4	373.1
334.9	385.1
335.5	395.3
336.0	408.1
336.6	418.3
337.1	428.9
337.6	437.6
338.2	445.2
338.7	449.8
339.3	454.2
339.8	455.7
340.4	456.8
340.9	454.8
341.5	451.8
342.0	446.5
342.5	441.2
343.1	433.8
343.6	426.7
344.2	417.3
344.7	408.7
345.3	399.4
345.8	391.1
346.4	382.1
346.9	373.9
347.4	364.8
348.0	357.0
348.5	347.5
349.1	340.2
349.6	332.4
350.2	325.6
350.7	318.3
351.2	312.4
351.8	306.6
352.3	302.0
352.9	295.6
353.4	292.0
354.0	286.9
354.5	283.5
355.1	279.3
355.6	276.3
356.1	272.1
356.7	269.5
357.2	264.6
357.8	262.3
358.3	258.7
358.9	256.1
359.4	252.4
359.9	249.6
360.5	245.8
361.0	243.8
361.6	239.2
362.1	236.7
362.7	232.6
363.2	230.0
363.8	225.5
364.3	221.9
364.8	217.0
365.4	213.0
365.9	206.1
366.5	201.2
367.0	195.1
367.6	189.4
368.1	183.1
368.7	177.7
369.2	171.1
369.7	166.2
370.3	159.2
370.8	154.4
371.4	147.9
371.9	142.7
372.5	136.8
373.0	132.4
373.5	126.6
374.1	123.3
374.6	118.2
375.2	115.6
375.7	111.6
376.3	109.1
376.8	105.9
377.4	103.5
377.9	100.6
378.4	99.1
379.0	96.1
379.5	95.0
380.1	92.5
380.6	91.5
381.2	89.6
381.7	88.6
382.3	86.8
382.8	86.3
383.3	84.5
383.9	83.9
384.4	82.4
385.0	82.0
385.5	80.5
386.1	80.1
386.6	78.0
387.1	77.7
387.7	75.6
388.2	74.8
388.8	73.2
389.3	72.4
389.9	70.7
390.4	69.6
391.0	67.8
391.5	67.4
392.0	65.0
392.6	64.7
393.1	63.2
393.7	62.4
394.2	60.8
394.8	60.0
395.3	58.3
395.8	57.9
396.4	56.0
396.9	55.6
397.5	53.8
398.0	53.1
398.6	51.1
399.1	50.4
399.7	48.2
400.2	48.0
400.7	45.4
401.3	44.6
401.8	42.9
402.4	42.4
402.9	40.6
403.5	39.9
404.0	37.9
404.6	37.4
405.1	35.4
405.6	34.9
406.2	32.9
406.7	32.3
407.3	30.7
407.8	30.3
408.4	28.5
408.9	28.3
409.4	26.6
410.0	26.4
410.5	24.9
411.1	24.5
411.6	23.5
412.2	22.9
412.7	21.9
413.3	21.8
413.8	20.3
414.3	20.3
414.9	19.3
415.4	19.1
416.0	18.0
416.5	18.1
417.1	17.2
417.6	17.5
418.1	15.9
418.7	16.3
419.2	15.3
419.8	15.5
420.3	14.8
420.9	15.1
421.4	14.1
422.0	14.6
422.5	13.5
423.0	13.9
423.6	13.2
424.1	13.1
424.7	12.5
425.2	12.8
425.8	12.0
426.3	12.7
426.9	11.5
427.4	11.8
427.9	11.2
428.5	11.4
429.0	10.8
429.6	10.9
430.1	9.7
430.7	9.9
431.2	9.0
431.7	9.4
432.3	9.0
432.8	8.8
433.4	8.2
433.9	8.2
434.5	7.4
435.0	7.7
435.6	6.6
436.1	7.0
436.6	6.5
437.2	6.6
437.7	6.0
438.3	6.2
438.8	5.4
439.4	5.9
439.9	5.0
440.5	5.5
441.0	4.6
441.5	4.8
442.1	4.3
442.6	4.6
443.2	4.0
443.7	4.3
444.3	3.8
444.8	4.1
445.3	3.9
445.9	4.1
446.4	3.7
447.0	4.0
447.5	3.5
448.1	3.9
448.6	3.1
449.2	3.8
449.7	3.3
450.2	3.6
450.8	3.2
451.3	3.4
451.9	2.9
452.4	3.6
453.0	3.1
453.5	3.4
454.0	3.0
454.6	3.4
455.1	3.2
455.7	3.5
456.2	3.1
456.8	3.5
457.3	2.8
457.9	3.2
458.4	2.8
458.9	2.8
459.5	2.5
460.0	3.0
460.6	2.3
461.1	2.7
461.7	2.2
462.2	2.5
462.8	2.0
463.3	2.3
463.8	2.1
464.4	2.3
464.9	1.7
465.5	2.0
466.0	1.6
