Nanometers	Counts
294.1	4.4
294.7	5.2
295.2	4.8
295.8	5.7
296.3	5.0
296.9	5.6
297.4	5.3
297.9	5.7
298.5	5.7
299.0	6.5
299.6	6.3
300.1	6.8
300.7	6.1
301.2	6.7
301.7	6.4
302.3	6.9
302.8	6.4
303.4	7.5
303.9	7.0
304.5	8.2
305.0	7.8
305.6	8.9
306.1	9.0
306.6	9.6
307.2	9.5
307.7	10.7
308.3	10.4
308.8	11.8
309.4	11.2
309.9	12.6
310.5	12.5
311.0	13.6
311.5	13.8
312.1	14.9
312.6	14.8
313.2	16.3
313.7	16.3
314.3	18.2
314.8	19.5
315.3	21.6
315.9	22.7
316.4	25.6
317.0	27.9
317.5	33.6
318.1	39.9
318.6	48.9
319.2	58.2
319.7	71.7
320.2	87.4
320.8	103.0
321.3	118.5
321.9	135.3
322.4	150.3
323.0	168.5
323.5	185.6
324.0	198.0
324.6	207.7
325.1	218.4
325.7	226.4
326.2	235.8
326.8	243.0
327.3	252.3
327.9	259.9
328.4	268.1
328.9	275.5
329.5	283.5
330.0	290.4
330.6	299.7
331.1	307.0
331.7	316.5
332.2	325.0
332.8	335.0
333.3	345.4
333.8	356.8
334.4	367.5
334.9	379.5
335.5	389.3
336.0	403.0
336.6	413.7
337.1	424.5
337.6	432.7
338.2	440.2
338.7	445.1
339.3	449.8
339.8	451.0
340.4	451.9
340.9	450.1
341.5	447.1
342.0	442.2
342.5	436.7
343.1	428.9
343.6	422.0
344.2	412.4
344.7	403.6
345.3	394.1
345.8	385.7
346.4	376.3
346.9	368.3
347.4	359.6
348.0	351.9
348.5	342.2
349.1	334.8
349.6	326.7
350.2	319.6
350.7	312.3
351.2	306.9
351.8	300.8
352.3	296.5
352.9	290.1
353.4	286.1
354.0	281.4
354.5	278.1
355.1	274.0
355.6	271.2
356.1	267.3
356.7	265.1
357.2	260.5
357.8	257.9
358.3	254.7
358.9	252.2
359.4	248.4
359.9	245.6
360.5	242.3
361.0	240.2
361.6	235.7
362.1	233.5
362.7	229.5
363.2	226.7
363.8	222.4
364.3	219.2
364.8	214.2
365.4	210.5
365.9	203.5
366.5	198.5
367.0	192.4
367.6	186.8
368.1	180.7
368.7	175.7
369.2	169.2
369.7	164.2
370.3	157.1
370.8	152.4
371.4	146.0
371.9	140.8
372.5	135.0
373.0	130.6
373.5	124.9
374.1	121.3
374.6	116.4
375.2	113.4
375.7	109.3
376.3	107.1
376.8	104.2
377.4	101.9
377.9	98.9
378.4	97.5
379.0	94.0
379.5	93.1
380.1	90.6
380.6	90.0
381.2	87.9
381.7	87.1
382.3	85.3
382.8	85.0
383.3	83.0
383.9	82.4
384.4	80.8
385.0	80.6
385.5	79.0
386.1	78.5
386.6	76.8
387.1	76.6
387.7	74.1
388.2	73.5
388.8	71.9
389.3	71.2
389.9	69.2
390.4	68.4
391.0	66.6
391.5	66.2
392.0	63.7
392.6	63.6
393.1	61.9
393.7	61.1
394.2	59.9
394.8	59.0
395.3	57.3
395.8	56.8
396.4	54.9
396.9	54.7
397.5	52.6
398.0	51.7
398.6	49.9
399.1	49.0
399.7	47.1
400.2	46.8
400.7	44.6
401.3	44.0
401.8	42.0
402.4	41.3
402.9	39.8
403.5	39.2
404.0	37.1
404.6	37.0
405.1	35.0
405.6	34.4
406.2	32.3
406.7	31.9
407.3	30.5
407.8	29.8
408.4	28.2
408.9	28.1
409.4	26.3
410.0	26.0
410.5	24.5
411.1	24.3
411.6	23.2
412.2	22.7
412.7	21.5
413.3	21.5
413.8	20.0
414.3	20.1
414.9	18.9
415.4	18.7
416.0	17.6
416.5	17.7
417.1	16.6
417.6	16.9
418.1	15.4
418.7	15.8
419.2	14.9
419.8	15.0
420.3	14.6
420.9	14.7
421.4	13.8
422.0	14.3
422.5	13.2
423.0	13.7
423.6	12.9
424.1	12.9
424.7	12.4
425.2	12.7
425.8	11.6
426.3	12.3
426.9	11.1
427.4	11.5
427.9	10.7
428.5	10.9
429.0	10.3
429.6	10.6
430.1	9.5
430.7	9.8
431.2	9.0
431.7	9.2
432.3	8.8
432.8	8.6
433.4	8.0
433.9	8.0
434.5	7.1
435.0	7.6
435.6	6.4
436.1	6.9
436.6	6.3
437.2	6.3
437.7	5.7
438.3	6.0
438.8	5.2
439.4	5.7
439.9	4.8
440.5	5.2
441.0	4.5
441.5	4.8
442.1	4.2
442.6	4.5
443.2	4.0
443.7	4.3
444.3	3.7
444.8	4.2
445.3	3.9
445.9	4.1
446.4	3.6
447.0	3.9
447.5	3.4
448.1	3.9
448.6	3.1
449.2	3.7
449.7	3.3
450.2	3.6
450.8	3.3
451.3	3.5
451.9	3.1
452.4	3.6
453.0	2.9
453.5	3.3
454.0	2.9
454.6	3.1
455.1	3.0
455.7	3.4
456.2	3.0
456.8	3.3
457.3	2.7
457.9	3.3
458.4	2.9
458.9	2.9
459.5	2.7
460.0	3.0
460.6	2.4
461.1	2.8
461.7	2.3
462.2	2.7
462.8	2.3
463.3	2.4
463.8	2.1
464.4	2.4
464.9	1.8
465.5	2.2
466.0	1.8
