Nanometers	Counts
294.1	3.6
294.7	4.4
295.2	4.1
295.8	4.9
296.3	4.5
296.9	4.8
297.4	4.7
297.9	5.4
298.5	5.2
299.0	5.8
299.6	5.3
300.1	6.0
300.7	5.5
301.2	6.2
301.7	5.9
302.3	6.2
302.8	5.8
303.4	6.8
303.9	6.4
304.5	7.4
305.0	7.1
305.6	7.7
306.1	7.8
306.6	8.8
307.2	8.6
307.7	9.8
308.3	9.6
308.8	10.8
309.4	10.4
309.9	11.6
310.5	11.7
311.0	12.5
311.5	12.7
312.1	14.1
312.6	14.3
313.2	15.7
313.7	15.6
314.3	17.1
314.8	18.0
315.3	20.3
315.9	21.5
316.4	24.1
317.0	26.8
317.5	31.7
318.1	38.1
318.6	46.5
319.2	56.1
319.7	69.0
320.2	84.2
320.8	99.7
321.3	115.0
321.9	131.5
322.4	147.1
323.0	165.3
323.5	181.8
324.0	194.6
324.6	205.4
325.1	216.4
325.7	225.3
326.2	234.9
326.8	242.9
327.3	252.5
327.9	260.5
328.4	269.1
328.9	275.7
329.5	284.3
330.0	291.9
330.6	301.3
331.1	308.4
331.7	317.9
332.2	326.8
332.8	337.3
333.3	347.0
333.8	358.4
334.4	369.6
334.9	381.6
335.5	392.2
336.0	405.9
336.6	416.2
337.1	426.6
337.6	435.4
338.2	443.0
338.7	447.8
339.3	452.3
339.8	453.4
340.4	454.6
340.9	452.4
341.5	449.6
342.0	444.4
342.5	438.8
343.1	431.3
343.6	424.3
344.2	415.0
344.7	406.2
345.3	396.6
345.8	388.0
346.4	378.8
346.9	370.4
347.4	361.1
348.0	353.9
348.5	344.0
349.1	336.6
349.6	328.5
350.2	321.8
350.7	314.2
351.2	308.8
351.8	302.4
352.3	297.9
352.9	291.7
353.4	287.7
354.0	282.9
354.5	279.5
355.1	275.3
355.6	272.3
356.1	268.1
356.7	265.5
357.2	261.2
357.8	258.7
358.3	254.7
358.9	252.4
359.4	248.7
359.9	246.0
360.5	242.0
361.0	239.8
361.6	235.5
362.1	233.1
362.7	228.8
363.2	225.9
363.8	221.8
364.3	218.2
364.8	213.1
365.4	209.2
365.9	202.5
366.5	197.9
367.0	191.9
367.6	186.6
368.1	180.2
368.7	175.0
369.2	168.4
369.7	163.6
370.3	156.5
370.8	151.6
371.4	145.2
371.9	140.3
372.5	134.3
373.0	129.8
373.5	124.3
374.1	121.2
374.6	116.4
375.2	113.4
375.7	109.5
376.3	107.1
376.8	103.8
377.4	101.6
377.9	98.8
378.4	97.1
379.0	94.0
379.5	92.9
380.1	90.4
380.6	89.4
381.2	87.4
381.7	86.8
382.3	85.0
382.8	84.4
383.3	82.7
383.9	82.1
384.4	80.8
385.0	80.6
385.5	78.8
386.1	78.5
386.6	76.6
387.1	76.3
387.7	74.3
388.2	73.6
388.8	71.7
389.3	70.9
389.9	69.1
390.4	68.2
391.0	66.4
391.5	66.1
392.0	63.8
392.6	63.3
393.1	61.6
393.7	60.9
394.2	59.6
394.8	59.0
395.3	57.0
395.8	56.7
396.4	54.6
396.9	54.5
397.5	52.4
398.0	51.7
398.6	50.0
399.1	49.4
399.7	47.2
400.2	46.9
400.7	44.8
401.3	44.3
401.8	42.4
402.4	41.7
402.9	40.0
403.5	39.2
404.0	37.2
404.6	36.8
405.1	34.8
405.6	34.3
406.2	32.3
406.7	31.5
407.3	30.1
407.8	29.8
408.4	28.3
408.9	28.0
409.4	26.3
410.0	26.1
410.5	24.4
411.1	24.1
411.6	23.3
412.2	22.6
412.7	21.4
413.3	21.7
413.8	20.2
414.3	20.1
414.9	19.1
415.4	18.8
416.0	17.6
416.5	17.8
417.1	16.7
417.6	17.0
418.1	15.6
418.7	16.0
419.2	15.1
419.8	15.2
420.3	14.7
420.9	14.9
421.4	14.1
422.0	14.4
422.5	13.5
423.0	13.9
423.6	13.2
424.1	13.1
424.7	12.7
425.2	13.0
425.8	12.0
426.3	12.7
426.9	11.5
427.4	11.9
427.9	11.2
428.5	11.3
429.0	10.6
429.6	10.7
430.1	9.5
430.7	9.9
431.2	9.0
431.7	9.4
432.3	8.7
432.8	8.8
433.4	8.1
433.9	8.2
434.5	7.4
435.0	7.8
435.6	6.7
436.1	6.9
436.6	6.5
437.2	6.5
437.7	6.0
438.3	6.1
438.8	5.3
439.4	5.7
439.9	5.0
440.5	5.4
441.0	4.7
441.5	4.9
442.1	4.4
442.6	4.6
443.2	4.0
443.7	4.4
444.3	3.8
444.8	3.9
445.3	3.7
445.9	4.0
446.4	3.5
447.0	3.8
447.5	3.3
448.1	3.7
448.6	3.0
449.2	3.6
449.7	3.3
450.2	3.5
450.8	3.2
451.3	3.4
451.9	2.9
452.4	3.4
453.0	2.7
453.5	3.1
454.0	2.9
454.6	3.3
455.1	3.1
455.7	3.3
456.2	2.9
456.8	3.4
457.3	2.8
457.9	3.2
458.4	2.9
458.9	2.9
459.5	2.6
460.0	3.1
460.6	2.4
461.1	2.8
461.7	2.3
462.2	2.5
462.8	2.1
463.3	2.3
463.8	2.1
464.4	2.3
464.9	1.8
465.5	2.0
466.0	1.7
