Nanometers	Counts
294.1	0.0
294.7	0.0
295.2	0.0
295.8	0.0
296.3	0.0
296.9	0.0
297.4	0.0
297.9	0.0
298.5	0.0
299.0	0.0
299.6	0.0
300.1	0.0
300.7	0.0
301.2	0.0
301.7	0.0
302.3	0.0
302.8	0.0
303.4	0.0
303.9	0.0
304.5	0.0
305.0	0.0
305.6	0.0
306.1	0.0
306.6	0.0
307.2	0.0
307.7	0.0
308.3	0.0
308.8	0.0
309.4	0.0
309.9	0.0
310.5	0.0
311.0	0.0
311.5	0.0
312.1	0.0
312.6	0.0
313.2	0.0
313.7	0.0
314.3	0.0
314.8	0.0
315.3	0.0
315.9	0.0
316.4	0.0
317.0	0.0
317.5	0.0
318.1	0.0
318.6	0.0
319.2	0.0
319.7	0.0
320.2	0.0
320.8	0.4
321.3	0.3
321.9	1.1
322.4	1.6
323.0	2.7
323.5	3.2
324.0	5.8
324.6	7.6
325.1	11.2
325.7	14.8
326.2	19.9
326.8	24.8
327.3	32.9
327.9	39.9
328.4	51.0
328.9	61.4
329.5	76.5
330.0	92.0
330.6	109.6
331.1	128.1
331.7	151.0
332.2	171.3
332.8	198.9
333.3	224.0
333.8	250.8
334.4	277.1
334.9	303.0
335.5	327.3
336.0	354.0
336.6	372.4
337.1	391.5
337.6	404.9
338.2	415.3
338.7	421.1
339.3	425.3
339.8	423.7
340.4	421.9
340.9	413.5
341.5	405.0
342.0	391.6
342.5	377.2
343.1	359.9
343.6	342.9
344.2	323.9
344.7	306.9
345.3	286.7
345.8	269.0
346.4	249.1
346.9	231.3
347.4	212.5
348.0	193.8
348.5	173.3
349.1	157.2
349.6	138.2
350.2	123.6
350.7	108.8
351.2	97.0
351.8	86.7
352.3	78.6
352.9	70.7
353.4	65.4
354.0	59.2
354.5	56.2
355.1	52.1
355.6	49.9
356.1	47.0
356.7	45.7
357.2	43.3
357.8	42.8
358.3	40.6
358.9	40.5
359.4	38.4
359.9	38.0
360.5	36.9
361.0	36.2
361.6	34.9
362.1	34.9
362.7	33.6
363.2	33.4
363.8	31.5
364.3	31.1
364.8	29.5
365.4	28.3
365.9	26.5
366.5	26.0
367.0	23.5
367.6	22.9
368.1	20.9
368.7	20.4
369.2	19.2
369.7	18.4
370.3	16.6
370.8	16.7
371.4	15.1
371.9	15.2
372.5	14.1
373.0	14.1
373.5	13.5
374.1	13.5
374.6	12.9
375.2	13.0
375.7	12.0
376.3	12.8
376.8	11.9
377.4	12.2
377.9	11.7
378.4	11.8
379.0	11.4
379.5	11.7
380.1	10.7
380.6	11.2
381.2	10.4
381.7	10.8
382.3	10.1
382.8	10.2
383.3	9.7
383.9	10.2
384.4	9.2
385.0	9.7
385.5	8.7
386.1	8.9
386.6	8.1
387.1	8.3
387.7	7.8
388.2	7.9
388.8	7.0
389.3	7.4
389.9	6.6
390.4	6.7
391.0	6.1
391.5	5.9
392.0	5.2
392.6	5.6
393.1	4.7
393.7	5.1
394.2	4.6
394.8	4.8
395.3	4.2
395.8	4.2
396.4	3.9
396.9	4.2
397.5	3.5
398.0	3.7
398.6	3.1
399.1	3.2
399.7	2.7
400.2	2.9
400.7	2.5
401.3	2.6
401.8	2.0
402.4	2.3
402.9	1.7
403.5	1.9
404.0	1.4
404.6	1.3
405.1	1.1
405.6	1.2
406.2	0.5
406.7	0.8
407.3	0.5
407.8	0.7
408.4	0.2
408.9	0.3
409.4	0.0
410.0	0.1
410.5	0.0
411.1	0.0
411.6	0.0
412.2	0.0
412.7	0.0
413.3	0.0
413.8	0.0
414.3	0.0
414.9	0.0
415.4	0.0
416.0	0.0
416.5	0.0
417.1	0.0
417.6	0.0
418.1	0.0
418.7	0.0
419.2	0.0
419.8	0.0
420.3	0.0
420.9	0.0
421.4	0.0
422.0	0.0
422.5	0.0
423.0	0.0
423.6	0.0
424.1	0.0
424.7	0.0
425.2	0.0
425.8	0.0
426.3	0.0
426.9	0.0
427.4	0.0
427.9	0.0
428.5	0.0
429.0	0.0
429.6	0.0
430.1	0.0
430.7	0.0
431.2	0.0
431.7	0.0
432.3	0.0
432.8	0.0
433.4	0.0
433.9	0.0
434.5	0.0
435.0	0.0
435.6	0.0
436.1	0.0
436.6	0.0
437.2	0.0
437.7	0.0
438.3	0.0
438.8	0.0
439.4	0.0
439.9	0.0
440.5	0.0
441.0	0.0
441.5	0.0
442.1	0.0
442.6	0.0
443.2	0.0
443.7	0.0
444.3	0.0
444.8	0.0
445.3	0.0
445.9	0.0
446.4	0.0
447.0	0.0
447.5	0.0
448.1	0.0
448.6	0.0
449.2	0.0
449.7	0.0
450.2	0.0
450.8	0.0
451.3	0.0
451.9	0.0
452.4	0.0
453.0	0.0
453.5	0.0
454.0	0.0
454.6	0.0
455.1	0.0
455.7	0.0
456.2	0.0
456.8	0.0
457.3	0.0
457.9	0.0
458.4	0.0
458.9	0.0
459.5	0.0
460.0	0.0
460.6	0.0
461.1	0.0
461.7	0.0
462.2	0.0
462.8	0.0
463.3	0.0
463.8	0.0
464.4	0.0
464.9	0.0
465.5	0.0
466.0	0.0
