Nanometers	Counts
294.1	0.0
294.7	0.0
295.2	0.0
295.8	0.0
296.3	0.0
296.9	0.0
297.4	0.0
297.9	0.0
298.5	0.0
299.0	0.0
299.6	0.0
300.1	0.0
300.7	0.0
301.2	0.0
301.7	0.0
302.3	0.0
302.8	0.0
303.4	0.0
303.9	0.0
304.5	0.0
305.0	0.0
305.6	0.0
306.1	0.0
306.6	0.0
307.2	0.0
307.7	0.0
308.3	0.0
308.8	0.0
309.4	0.0
309.9	0.0
310.5	0.0
311.0	0.0
311.5	0.0
312.1	0.0
312.6	0.0
313.2	0.0
313.7	0.0
314.3	0.0
314.8	0.0
315.3	0.0
315.9	0.0
316.4	0.0
317.0	0.0
317.5	0.0
318.1	0.0
318.6	0.0
319.2	0.0
319.7	0.0
320.2	0.0
320.8	0.4
321.3	0.5
321.9	1.2
322.4	1.7
323.0	2.9
323.5	3.6
324.0	6.1
324.6	8.0
325.1	11.6
325.7	15.0
326.2	20.4
326.8	26.3
327.3	34.4
327.9	41.7
328.4	53.8
328.9	65.4
329.5	81.2
330.0	96.8
330.6	114.8
331.1	134.3
331.7	158.2
332.2	180.1
332.8	207.7
333.3	233.5
333.8	260.5
334.4	286.3
334.9	312.0
335.5	337.0
336.0	363.0
336.6	381.7
337.1	400.7
337.6	413.8
338.2	424.6
338.7	429.6
339.3	433.7
339.8	432.3
340.4	430.5
340.9	421.9
341.5	413.3
342.0	399.3
342.5	384.3
343.1	368.3
343.6	351.8
344.2	332.1
344.7	314.7
345.3	294.9
345.8	277.5
346.4	257.9
346.9	240.1
347.4	220.1
348.0	202.0
348.5	181.4
349.1	164.3
349.6	144.0
350.2	128.8
350.7	113.7
351.2	101.0
351.8	90.3
352.3	82.5
352.9	74.2
353.4	69.3
354.0	62.9
354.5	59.8
355.1	55.1
355.6	52.8
356.1	50.0
356.7	48.6
357.2	45.8
357.8	45.6
358.3	43.1
358.9	42.9
359.4	40.8
359.9	40.4
360.5	39.3
361.0	38.9
361.6	37.6
362.1	37.5
362.7	35.7
363.2	35.5
363.8	33.5
364.3	33.0
364.8	31.1
365.4	30.1
365.9	28.4
366.5	27.7
367.0	25.3
367.6	24.8
368.1	22.6
368.7	22.1
369.2	20.6
369.7	19.7
370.3	17.9
370.8	17.8
371.4	16.3
371.9	16.4
372.5	15.1
373.0	15.2
373.5	14.3
374.1	14.3
374.6	13.9
375.2	14.0
375.7	13.0
376.3	13.5
376.8	13.1
377.4	13.2
377.9	12.5
378.4	12.6
379.0	11.9
379.5	12.4
380.1	11.4
380.6	11.8
381.2	11.2
381.7	11.6
382.3	10.8
382.8	10.9
383.3	10.5
383.9	10.9
384.4	9.8
385.0	10.3
385.5	9.3
386.1	9.5
386.6	8.7
387.1	8.7
387.7	8.1
388.2	8.3
388.8	7.3
389.3	7.7
389.9	6.9
390.4	6.9
391.0	6.4
391.5	6.4
392.0	5.7
392.6	6.0
393.1	5.3
393.7	5.5
394.2	5.0
394.8	5.3
395.3	4.7
395.8	4.6
396.4	4.3
396.9	4.7
397.5	3.7
398.0	4.0
398.6	3.4
399.1	3.7
399.7	3.1
400.2	3.2
400.7	2.6
401.3	2.9
401.8	2.2
402.4	2.5
402.9	1.9
403.5	2.1
404.0	1.5
404.6	1.6
405.1	1.2
405.6	1.2
406.2	0.5
406.7	0.9
407.3	0.6
407.8	0.7
408.4	0.3
408.9	0.4
409.4	0.0
410.0	0.2
410.5	0.0
411.1	0.0
411.6	0.0
412.2	0.0
412.7	0.0
413.3	0.0
413.8	0.0
414.3	0.0
414.9	0.0
415.4	0.0
416.0	0.0
416.5	0.0
417.1	0.0
417.6	0.0
418.1	0.0
418.7	0.0
419.2	0.0
419.8	0.0
420.3	0.0
420.9	0.0
421.4	0.0
422.0	0.0
422.5	0.0
423.0	0.0
423.6	0.0
424.1	0.0
424.7	0.0
425.2	0.0
425.8	0.0
426.3	0.0
426.9	0.0
427.4	0.0
427.9	0.0
428.5	0.0
429.0	0.0
429.6	0.0
430.1	0.0
430.7	0.0
431.2	0.0
431.7	0.0
432.3	0.0
432.8	0.0
433.4	0.0
433.9	0.0
434.5	0.0
435.0	0.0
435.6	0.0
436.1	0.0
436.6	0.0
437.2	0.0
437.7	0.0
438.3	0.0
438.8	0.0
439.4	0.0
439.9	0.0
440.5	0.0
441.0	0.0
441.5	0.0
442.1	0.0
442.6	0.0
443.2	0.0
443.7	0.0
444.3	0.0
444.8	0.0
445.3	0.0
445.9	0.0
446.4	0.0
447.0	0.0
447.5	0.0
448.1	0.0
448.6	0.0
449.2	0.0
449.7	0.0
450.2	0.0
450.8	0.0
451.3	0.0
451.9	0.0
452.4	0.0
453.0	0.0
453.5	0.0
454.0	0.0
454.6	0.0
455.1	0.0
455.7	0.0
456.2	0.0
456.8	0.0
457.3	0.0
457.9	0.0
458.4	0.0
458.9	0.0
459.5	0.0
460.0	0.0
460.6	0.0
461.1	0.0
461.7	0.0
462.2	0.0
462.8	0.0
463.3	0.0
463.8	0.0
464.4	0.0
464.9	0.0
465.5	0.0
466.0	0.0
