Nanometers	Counts
294.1	0.0
294.7	0.0
295.2	0.0
295.8	0.0
296.3	0.0
296.9	0.0
297.4	0.0
297.9	0.0
298.5	0.0
299.0	0.2
299.6	0.0
300.1	0.0
300.7	0.0
301.2	0.3
301.7	0.0
302.3	0.1
302.8	0.0
303.4	0.1
303.9	0.0
304.5	0.0
305.0	0.0
305.6	0.4
306.1	0.0
306.6	0.2
307.2	0.0
307.7	0.2
308.3	0.0
308.8	0.0
309.4	0.0
309.9	0.3
310.5	0.0
311.0	0.0
311.5	0.0
312.1	0.1
312.6	0.0
313.2	0.0
313.7	0.0
314.3	0.2
314.8	0.0
315.3	0.1
315.9	0.0
316.4	0.0
317.0	0.0
317.5	0.0
318.1	0.0
318.6	0.4
319.2	0.1
319.7	0.6
320.2	0.6
320.8	1.2
321.3	1.2
321.9	1.9
322.4	2.6
323.0	4.0
323.5	4.9
324.0	8.2
324.6	10.2
325.1	14.8
325.7	19.0
326.2	25.0
326.8	31.3
327.3	41.2
327.9	50.0
328.4	63.9
328.9	76.5
329.5	92.8
330.0	111.4
330.6	131.4
331.1	153.1
331.7	178.4
332.2	201.5
332.8	230.7
333.3	255.8
333.8	285.3
334.4	312.1
334.9	337.7
335.5	361.7
336.0	387.7
336.6	405.0
337.1	423.0
337.6	436.0
338.2	445.4
338.7	450.3
339.3	453.9
339.8	451.6
340.4	449.3
340.9	440.9
341.5	431.4
342.0	417.1
342.5	402.7
343.1	385.0
343.6	368.6
344.2	350.1
344.7	333.1
345.3	313.3
345.8	297.2
346.4	276.9
346.9	258.3
347.4	237.5
348.0	218.7
348.5	198.1
349.1	180.1
349.6	160.0
350.2	143.3
350.7	127.5
351.2	114.4
351.8	102.8
352.3	93.4
352.9	85.0
353.4	79.6
354.0	72.7
354.5	69.1
355.1	64.4
355.6	61.8
356.1	58.5
356.7	56.9
357.2	54.2
357.8	53.6
358.3	50.8
358.9	50.8
359.4	48.4
359.9	48.2
360.5	46.8
361.0	46.6
361.6	45.3
362.1	45.2
362.7	43.3
363.2	43.1
363.8	41.0
364.3	40.3
364.8	38.3
365.4	36.9
365.9	34.5
366.5	33.6
367.0	31.0
367.6	30.3
368.1	27.8
368.7	27.0
369.2	25.0
369.7	24.1
370.3	22.5
370.8	22.6
371.4	20.6
371.9	20.5
372.5	18.9
373.0	19.1
373.5	17.7
374.1	17.6
374.6	17.2
375.2	17.5
375.7	16.2
376.3	16.9
376.8	16.3
377.4	16.5
377.9	15.9
378.4	15.8
379.0	15.1
379.5	15.7
380.1	14.5
380.6	14.9
381.2	14.0
381.7	14.4
382.3	13.7
382.8	13.5
383.3	13.1
383.9	13.3
384.4	12.4
385.0	12.7
385.5	11.9
386.1	11.8
386.6	11.3
387.1	11.4
387.7	10.7
388.2	10.7
388.8	9.6
389.3	9.9
389.9	8.9
390.4	9.1
391.0	8.5
391.5	8.4
392.0	7.4
392.6	7.9
393.1	7.1
393.7	7.5
394.2	6.7
394.8	6.8
395.3	6.2
395.8	6.2
396.4	5.8
396.9	6.1
397.5	5.2
398.0	5.5
398.6	4.6
399.1	4.8
399.7	4.4
400.2	4.4
400.7	3.7
401.3	4.0
401.8	3.3
402.4	3.6
402.9	2.9
403.5	3.1
404.0	2.4
404.6	2.4
405.1	2.0
405.6	2.2
406.2	1.4
406.7	1.6
407.3	1.2
407.8	1.4
408.4	1.0
408.9	1.0
409.4	0.6
410.0	0.6
410.5	0.2
411.1	0.4
411.6	0.1
412.2	0.2
412.7	0.0
413.3	0.0
413.8	0.0
414.3	0.0
414.9	0.0
415.4	0.0
416.0	0.0
416.5	0.0
417.1	0.0
417.6	0.0
418.1	0.0
418.7	0.0
419.2	0.0
419.8	0.0
420.3	0.0
420.9	0.0
421.4	0.0
422.0	0.0
422.5	0.0
423.0	0.0
423.6	0.0
424.1	0.0
424.7	0.0
425.2	0.0
425.8	0.0
426.3	0.0
426.9	0.0
427.4	0.0
427.9	0.0
428.5	0.0
429.0	0.0
429.6	0.0
430.1	0.0
430.7	0.0
431.2	0.0
431.7	0.0
432.3	0.0
432.8	0.0
433.4	0.0
433.9	0.0
434.5	0.0
435.0	0.0
435.6	0.0
436.1	0.0
436.6	0.0
437.2	0.0
437.7	0.0
438.3	0.0
438.8	0.0
439.4	0.0
439.9	0.0
440.5	0.0
441.0	0.0
441.5	0.0
442.1	0.0
442.6	0.0
443.2	0.0
443.7	0.0
444.3	0.0
444.8	0.0
445.3	0.0
445.9	0.0
446.4	0.0
447.0	0.0
447.5	0.0
448.1	0.0
448.6	0.0
449.2	0.0
449.7	0.0
450.2	0.0
450.8	0.0
451.3	0.0
451.9	0.0
452.4	0.0
453.0	0.0
453.5	0.0
454.0	0.0
454.6	0.0
455.1	0.0
455.7	0.0
456.2	0.0
456.8	0.0
457.3	0.0
457.9	0.0
458.4	0.0
458.9	0.0
459.5	0.0
460.0	0.0
460.6	0.0
461.1	0.0
461.7	0.0
462.2	0.0
462.8	0.0
463.3	0.0
463.8	0.0
464.4	0.0
464.9	0.0
465.5	0.0
466.0	0.0
