Nanometers	Counts
294.1	0.0
294.7	0.0
295.2	0.0
295.8	0.0
296.3	0.0
296.9	0.0
297.4	0.0
297.9	0.0
298.5	0.0
299.0	0.0
299.6	0.0
300.1	0.0
300.7	0.0
301.2	0.0
301.7	0.0
302.3	0.0
302.8	0.0
303.4	0.0
303.9	0.0
304.5	0.0
305.0	0.0
305.6	0.0
306.1	0.0
306.6	0.0
307.2	0.0
307.7	0.0
308.3	0.0
308.8	0.0
309.4	0.0
309.9	0.0
310.5	0.0
311.0	0.0
311.5	0.0
312.1	0.0
312.6	0.0
313.2	0.0
313.7	0.0
314.3	0.0
314.8	0.0
315.3	0.0
315.9	0.0
316.4	0.0
317.0	0.0
317.5	0.0
318.1	0.0
318.6	0.0
319.2	0.0
319.7	0.2
320.2	0.2
320.8	0.9
321.3	0.9
321.9	1.6
322.4	2.2
323.0	3.5
323.5	4.4
324.0	6.9
324.6	8.9
325.1	13.0
325.7	16.8
326.2	22.4
326.8	28.8
327.3	37.4
327.9	45.2
328.4	57.8
328.9	70.0
329.5	85.0
330.0	101.7
330.6	120.5
331.1	140.4
331.7	165.0
332.2	187.5
332.8	215.9
333.3	241.2
333.8	268.6
334.4	295.2
334.9	321.9
335.5	345.3
336.0	371.2
336.6	389.7
337.1	408.6
337.6	421.5
338.2	431.2
338.7	436.5
339.3	439.9
339.8	438.0
340.4	435.9
340.9	427.2
341.5	418.2
342.0	404.2
342.5	389.4
343.1	373.1
343.6	356.4
344.2	336.8
344.7	318.9
345.3	298.9
345.8	282.9
346.4	261.9
346.9	244.7
347.4	225.5
348.0	206.5
348.5	185.8
349.1	168.1
349.6	148.7
350.2	133.3
350.7	117.9
351.2	105.3
351.8	94.3
352.3	86.2
352.9	77.1
353.4	71.8
354.0	65.4
354.5	62.4
355.1	57.8
355.6	55.3
356.1	52.8
356.7	51.3
357.2	48.6
357.8	47.9
358.3	45.5
358.9	45.3
359.4	43.3
359.9	43.0
360.5	41.1
361.0	41.3
361.6	40.1
362.1	40.1
362.7	38.1
363.2	38.0
363.8	36.2
364.3	35.5
364.8	33.7
365.4	32.4
365.9	30.6
366.5	29.8
367.0	27.2
367.6	26.6
368.1	23.9
368.7	23.4
369.2	21.6
369.7	21.0
370.3	19.3
370.8	19.6
371.4	17.7
371.9	17.6
372.5	16.2
373.0	16.3
373.5	15.3
374.1	15.3
374.6	14.6
375.2	14.4
375.7	13.5
376.3	14.2
376.8	13.8
377.4	14.1
377.9	13.5
378.4	13.7
379.0	13.2
379.5	13.7
380.1	12.5
380.6	12.9
381.2	12.3
381.7	12.6
382.3	11.8
382.8	11.9
383.3	11.2
383.9	11.5
384.4	10.5
385.0	11.0
385.5	10.1
386.1	10.3
386.6	9.9
387.1	9.7
387.7	9.0
388.2	9.2
388.8	7.9
389.3	8.2
389.9	7.5
390.4	7.6
391.0	6.8
391.5	6.9
392.0	6.1
392.6	6.6
393.1	5.9
393.7	6.2
394.2	5.6
394.8	5.9
395.3	5.2
395.8	5.1
396.4	4.7
396.9	5.1
397.5	4.1
398.0	4.4
398.6	3.8
399.1	3.7
399.7	3.3
400.2	3.5
400.7	3.1
401.3	3.3
401.8	2.5
402.4	2.8
402.9	2.2
403.5	2.3
404.0	1.9
404.6	1.8
405.1	1.4
405.6	1.6
406.2	1.0
406.7	1.2
407.3	0.8
407.8	0.9
408.4	0.6
408.9	0.7
409.4	0.3
410.0	0.4
410.5	0.0
411.1	0.2
411.6	0.0
412.2	0.0
412.7	0.0
413.3	0.0
413.8	0.0
414.3	0.0
414.9	0.0
415.4	0.0
416.0	0.0
416.5	0.0
417.1	0.0
417.6	0.0
418.1	0.0
418.7	0.0
419.2	0.0
419.8	0.0
420.3	0.0
420.9	0.0
421.4	0.0
422.0	0.0
422.5	0.0
423.0	0.0
423.6	0.0
424.1	0.0
424.7	0.0
425.2	0.0
425.8	0.0
426.3	0.0
426.9	0.0
427.4	0.0
427.9	0.0
428.5	0.0
429.0	0.0
429.6	0.0
430.1	0.0
430.7	0.0
431.2	0.0
431.7	0.0
432.3	0.0
432.8	0.0
433.4	0.0
433.9	0.0
434.5	0.0
435.0	0.0
435.6	0.0
436.1	0.0
436.6	0.0
437.2	0.0
437.7	0.0
438.3	0.0
438.8	0.0
439.4	0.0
439.9	0.0
440.5	0.0
441.0	0.0
441.5	0.0
442.1	0.0
442.6	0.0
443.2	0.0
443.7	0.0
444.3	0.0
444.8	0.0
445.3	0.0
445.9	0.0
446.4	0.0
447.0	0.0
447.5	0.0
448.1	0.0
448.6	0.0
449.2	0.0
449.7	0.0
450.2	0.0
450.8	0.0
451.3	0.0
451.9	0.0
452.4	0.0
453.0	0.0
453.5	0.0
454.0	0.0
454.6	0.0
455.1	0.0
455.7	0.0
456.2	0.0
456.8	0.0
457.3	0.0
457.9	0.0
458.4	0.0
458.9	0.0
459.5	0.0
460.0	0.0
460.6	0.0
461.1	0.0
461.7	0.0
462.2	0.0
462.8	0.0
463.3	0.0
463.8	0.0
464.4	0.0
464.9	0.0
465.5	0.0
466.0	0.0
